[[0.0, 2.8267064094543457, 6.2407379150390625, 4.645562171936035, 3.171288251876831, 5.1367268562316895, 6.356292247772217, 7.520184516906738, 4.587131500244141, 5.398590087890625, 4.966187953948975, 6.850856781005859, 10.008185386657715, 4.7779541015625, 5.795858860015869, 6.326119422912598, 5.069032192230225, 3.251441717147827, 5.423670291900635, 5.347257614135742, 5.201678276062012, 3.4973666667938232, 0.9519449472427368, 3.9225146770477295, 4.543764114379883, 5.489830493927002, 6.356248378753662, 5.794982433319092, 6.360065460205078, 6.849343776702881, 4.51912260055542, 6.5805535316467285, 4.32698917388916, 6.543610572814941, 7.773395538330078, 4.904735088348389, 6.580754280090332, 3.871634006500244, 5.631740093231201, 5.463858604431152, 3.8461074829101562, 6.232999324798584, 5.30919075012207, 2.993767023086548, 5.682316780090332, 5.097621440887451, 6.651327610015869, 7.832176208496094, 8.19930648803711, 6.351792812347412, 5.266416072845459, 4.719708442687988, 4.056774616241455, 7.2187323570251465, 3.791170835494995, 5.760390758514404, 9.531001091003418, 6.08017110824585, 3.4399783611297607, 5.43881893157959, 5.769408702850342, 5.56855583190918, 7.365029811859131, 4.431768894195557, 6.326417446136475, 6.271516799926758, 5.706582546234131, 5.493305683135986, 3.8347764015197754, 6.099569797515869, 2.8548243045806885, 3.377204656600952, 7.378926753997803, 5.077969074249268, 5.626521587371826, 7.858081817626953, 2.871058702468872, 4.910636901855469, 7.242453098297119, 5.5243024826049805, 4.6610565185546875, 4.771347522735596, 7.8201141357421875, 7.392666816711426, 5.968662738800049, 5.868098258972168, 7.209536075592041, 8.326362609863281, 3.2072739601135254, 5.472288608551025, 8.937616348266602, 4.492305755615234, 5.354637145996094, 7.590455532073975, 3.183065414428711, 5.891784191131592, 5.391731262207031, 4.456756114959717, 4.600369453430176, 6.4708991050720215], [2.8267064094543457, 0.0, 6.2938551902771, 3.0821197032928467, 2.416931390762329, 5.6677565574646, 5.406239986419678, 6.853736400604248, 1.4463226795196533, 4.268725395202637, 2.338216543197632, 5.461071014404297, 9.573105812072754, 3.2846267223358154, 3.744281053543091, 3.9534575939178467, 1.6449390649795532, 0.8239611983299255, 2.8501405715942383, 3.495077610015869, 1.410742998123169, 2.095456123352051, 3.470233917236328, 2.273676633834839, 1.9149326086044312, 5.5399250984191895, 3.3254952430725098, 4.759209632873535, 3.628157138824463, 5.832940101623535, 1.5028154850006104, 5.2913818359375, 3.1022884845733643, 5.649999141693115, 5.104226589202881, 3.040147542953491, 4.19803524017334, 2.8938987255096436, 2.8868210315704346, 3.136246919631958, 1.8447779417037964, 5.571860313415527, 3.5970427989959717, 1.5548551082611084, 3.4773213863372803, 2.862955331802368, 4.9142351150512695, 5.743533134460449, 4.796761512756348, 5.789491176605225, 3.3970706462860107, 4.637256622314453, 2.815108299255371, 5.5201005935668945, 3.9136593341827393, 3.9372410774230957, 5.352498531341553, 4.582849025726318, 1.2301139831542969, 3.470034122467041, 4.675652980804443, 5.677614688873291, 4.835647106170654, 2.467172384262085, 6.386354446411133, 6.462487697601318, 5.70115327835083, 4.7621026039123535, 2.3886547088623047, 3.093515157699585, 1.9422940015792847, 1.233266830444336, 5.8773369789123535, 3.9977433681488037, 5.32938814163208, 6.243089199066162, 1.9086049795150757, 2.5303452014923096, 4.819667816162109, 2.980093479156494, 2.706439733505249, 5.236936092376709, 6.307438850402832, 6.564328193664551, 2.9290385246276855, 5.822466850280762, 6.5821146965026855, 6.358004570007324, 1.2524698972702026, 2.9955430030822754, 8.722746849060059, 4.515543460845947, 3.2699780464172363, 6.02186393737793, 1.8992770910263062, 3.4014267921447754, 1.9475719928741455, 3.620115280151367, 4.56342077255249, 3.838815450668335], [6.2407379150390625, 6.2938551902771, 0.0, 1.6216953992843628, 4.353351593017578, 1.7169761657714844, 7.736374855041504, 7.620723247528076, 8.106226921081543, 6.509923458099365, 5.358871936798096, 3.9720826148986816, 9.519938468933105, 1.8257585763931274, 7.444204807281494, 7.984387397766113, 7.244736671447754, 6.80465841293335, 6.11908483505249, 7.095030307769775, 6.6248369216918945, 5.382431507110596, 6.0100321769714355, 5.996639251708984, 6.912679195404053, 6.036412715911865, 6.216516971588135, 7.883809566497803, 4.8626203536987305, 6.511044979095459, 5.986567497253418, 8.583695411682129, 8.210951805114746, 9.023083686828613, 11.273360252380371, 5.4229607582092285, 7.834117889404297, 4.70607328414917, 7.460782051086426, 6.661487579345703, 6.297667503356934, 1.7327358722686768, 7.271889686584473, 6.701732158660889, 6.126267433166504, 7.041935920715332, 7.769687652587891, 5.676016330718994, 9.765155792236328, 2.923654317855835, 8.217326164245605, 7.562240123748779, 6.377320766448975, 4.722560405731201, 4.112555503845215, 7.370983123779297, 12.005550384521484, 6.629012584686279, 6.504068851470947, 6.749873638153076, 8.867728233337402, 0.041110362857580185, 10.369417190551758, 7.744232177734375, 0.00741546181961894, 0.03371797874569893, 0.30899593234062195, 6.436165809631348, 6.080433368682861, 9.36158275604248, 7.606725215911865, 4.277700424194336, 8.345624923706055, 1.6940746307373047, 2.929199695587158, 3.7101407051086426, 4.898724555969238, 6.832266330718994, 8.685367584228516, 7.001730442047119, 5.959714412689209, 2.0898597240448, 3.8808674812316895, 3.9475762844085693, 7.516974925994873, 2.594033718109131, 2.3292434215545654, 9.301163673400879, 3.8820507526397705, 4.322929859161377, 8.696624755859375, 1.6987470388412476, 6.938742160797119, 9.136835098266602, 4.738343238830566, 4.241397380828857, 7.978186130523682, 5.734485149383545, 1.25884211063385, 10.005080223083496], [4.645562171936035, 3.0821197032928467, 1.6216953992843628, 0.0, 2.240422010421753, 0.8742052316665649, 3.067641019821167, 3.648513078689575, 5.42824649810791, 2.6500279903411865, 1.9821348190307617, 1.4861630201339722, 6.774404048919678, 0.11930344253778458, 3.9266459941864014, 3.636913776397705, 3.870131015777588, 4.037065505981445, 2.503209352493286, 2.3883466720581055, 4.1079888343811035, 2.7736215591430664, 4.128472805023193, 2.4947726726531982, 3.3252015113830566, 2.3656392097473145, 3.793217897415161, 4.025405406951904, 1.982935905456543, 2.256606340408325, 3.286076784133911, 4.934257507324219, 4.427066802978516, 4.600783824920654, 9.327872276306152, 2.480323314666748, 3.7099533081054688, 2.348923921585083, 4.482813358306885, 2.4877469539642334, 3.1931490898132324, 0.9523015022277832, 3.154336929321289, 4.413018226623535, 4.761218070983887, 2.2805840969085693, 3.237891435623169, 2.517099142074585, 7.138700008392334, 1.4762922525405884, 6.328233242034912, 4.718605041503906, 3.660637617111206, 1.8471310138702393, 1.240973949432373, 4.433265686035156, 7.401408672332764, 2.057281017303467, 4.13978385925293, 2.6234803199768066, 5.608996391296387, 1.127840280532837, 6.9710001945495605, 5.813195705413818, 2.3130788803100586, 1.6509373188018799, 1.9054946899414062, 5.623794078826904, 2.3523449897766113, 7.348907470703125, 5.5342888832092285, 1.6959431171417236, 3.9763143062591553, 0.6730955243110657, 1.0976027250289917, 1.7985754013061523, 1.9559290409088135, 3.5667519569396973, 4.7798566818237305, 3.78022837638855, 3.0024945735931396, 1.1002479791641235, 1.9371627569198608, 2.078436851501465, 4.994594097137451, 1.1127046346664429, 1.6870498657226562, 4.026390552520752, 0.9274097681045532, 1.9014875888824463, 6.559486389160156, 1.2340034246444702, 2.9557502269744873, 4.598546028137207, 2.143380880355835, 1.993783950805664, 3.7747819423675537, 2.8653926849365234, 1.2316389083862305, 5.352162837982178], [3.171288251876831, 2.416931390762329, 4.353351593017578, 2.240422010421753, 0.0, 3.66168475151062, 3.761126756668091, 4.721639156341553, 3.9645843505859375, 3.0923006534576416, 3.726926803588867, 4.923010349273682, 7.322658061981201, 2.5628502368927, 5.264090061187744, 3.942625045776367, 3.3055877685546875, 3.385636568069458, 3.240501880645752, 3.16947603225708, 3.426328659057617, 2.9641311168670654, 3.2405591011047363, 2.929049491882324, 4.765271186828613, 3.820399045944214, 3.68992018699646, 3.806183338165283, 3.674551010131836, 4.97072696685791, 3.196126699447632, 4.339848041534424, 5.363628387451172, 4.182156085968018, 6.865653991699219, 2.927516222000122, 3.885327100753784, 2.139400005340576, 4.628735065460205, 3.1784627437591553, 2.927112579345703, 4.171210289001465, 3.137159585952759, 2.9977214336395264, 4.635652542114258, 4.379983425140381, 3.893463611602783, 6.649455547332764, 5.408486843109131, 4.867053031921387, 5.1450347900390625, 4.297628402709961, 3.886434555053711, 5.3575310707092285, 3.5558764934539795, 4.613936424255371, 5.859088897705078, 4.0233659744262695, 2.7834439277648926, 2.9392824172973633, 5.067088603973389, 3.434082508087158, 6.89245080947876, 4.496750831604004, 4.42396879196167, 4.545003414154053, 4.04732084274292, 4.459399223327637, 2.8732354640960693, 4.9148478507995605, 2.6867027282714844, 2.371163845062256, 4.310179233551025, 2.987051010131836, 3.372082471847534, 5.864584445953369, 3.2304940223693848, 3.843158483505249, 4.3292341232299805, 4.378682613372803, 3.2931087017059326, 3.5252010822296143, 5.76431941986084, 4.812199592590332, 3.9081871509552, 4.103911399841309, 4.889825820922852, 4.761842727661133, 2.2537424564361572, 2.7712762355804443, 7.387371063232422, 3.06091570854187, 2.662933826446533, 4.742951393127441, 3.9523868560791016, 3.3553307056427, 5.167998790740967, 3.198330879211426, 3.0029733180999756, 4.8364081382751465], [5.1367268562316895, 5.6677565574646, 1.7169761657714844, 0.8742052316665649, 3.66168475151062, 0.0, 5.8581976890563965, 6.039780139923096, 9.5165433883667, 5.317567348480225, 2.8747591972351074, 0.48159143328666687, 9.384570121765137, 0.4952959716320038, 5.265889644622803, 6.0381622314453125, 5.102062702178955, 7.219553470611572, 3.9082977771759033, 4.428966045379639, 7.150551795959473, 3.368476152420044, 7.304723262786865, 5.307131767272949, 5.651394844055176, 4.487204074859619, 6.4019389152526855, 6.508753299713135, 2.4176013469696045, 4.394519329071045, 5.128556251525879, 7.592841625213623, 6.366621971130371, 7.525235652923584, 13.49634838104248, 4.856766223907471, 6.419839382171631, 3.4253311157226562, 5.885971546173096, 5.184512615203857, 5.609471797943115, 0.12966607511043549, 5.398797512054443, 7.909271240234375, 5.457311630249023, 4.628880977630615, 5.891745567321777, 1.8618484735488892, 8.570406913757324, 1.5168206691741943, 9.91001033782959, 6.062498092651367, 5.736573696136475, 0.8437139391899109, 1.5902938842773438, 6.577500343322754, 8.644804954528809, 4.236703872680664, 7.9915666580200195, 5.3529486656188965, 7.440579414367676, 1.5371419191360474, 9.790772438049316, 10.409850120544434, 2.3060994148254395, 1.6390190124511719, 1.6402498483657837, 9.158525466918945, 5.079540729522705, 11.55777359008789, 9.295727729797363, 3.700960874557495, 6.681275367736816, 0.2081000655889511, 3.0305423736572266, 0.5686996579170227, 2.852919816970825, 5.355980396270752, 6.455539226531982, 5.4259843826293945, 4.891286373138428, 0.33531683683395386, 0.5269229412078857, 0.7708781957626343, 7.344091892242432, 0.16854242980480194, 0.16263487935066223, 7.00818395614624, 1.9498720169067383, 4.2119574546813965, 9.506030082702637, 0.991030216217041, 5.337879657745361, 7.236940860748291, 2.5141773223876953, 2.6555826663970947, 6.239687442779541, 4.624328136444092, 2.4872853755950928, 7.538193702697754], [6.356292247772217, 5.406239986419678, 7.736374855041504, 3.067641019821167, 3.761126756668091, 5.8581976890563965, 0.0, 0.042791809886693954, 5.938924789428711, 0.9829608201980591, 4.385066509246826, 4.320372104644775, 7.527235507965088, 4.14979362487793, 7.288655757904053, 2.8088386058807373, 6.566195964813232, 6.514416694641113, 3.4213032722473145, 1.0416024923324585, 5.372091293334961, 5.356945037841797, 6.739390850067139, 3.5334250926971436, 6.691251277923584, 2.14166522026062, 5.6540374755859375, 4.839562892913818, 6.520668029785156, 2.9098331928253174, 4.930275917053223, 5.324744701385498, 7.963198184967041, 3.5755932331085205, 10.364025115966797, 2.397984027862549, 1.5680909156799316, 4.676876544952393, 7.163112163543701, 1.973800539970398, 5.427867412567139, 6.4637603759765625, 1.143929362297058, 6.394961833953857, 6.192822456359863, 5.089656352996826, 0.7718769907951355, 6.448535442352295, 8.371447563171387, 6.4870195388793945, 7.877305507659912, 6.088198184967041, 6.579563140869141, 3.5163116455078125, 4.624696254730225, 5.55060338973999, 5.762953281402588, 1.5883158445358276, 5.997244358062744, 0.6702975630760193, 6.95587158203125, 6.329493045806885, 8.34433650970459, 8.88784408569336, 7.8248291015625, 7.084864139556885, 6.417438507080078, 5.730911731719971, 3.154810667037964, 7.747339725494385, 8.281876564025879, 3.713874101638794, 0.23806118965148926, 6.449597358703613, 3.593121290206909, 7.267123699188232, 5.672135353088379, 5.116950035095215, 2.7931716442108154, 5.464414119720459, 2.4549062252044678, 5.826833248138428, 7.239666938781738, 6.066487789154053, 6.181346416473389, 5.0403923988342285, 7.431602478027344, 0.8069795966148376, 3.5890426635742188, 2.2556872367858887, 8.481480598449707, 5.316105365753174, 1.4635690450668335, 1.371232271194458, 5.5967488288879395, 5.501749038696289, 7.096446514129639, 4.097254276275635, 5.298482418060303, 5.383596420288086], [7.520184516906738, 6.853736400604248, 7.620723247528076, 3.648513078689575, 4.721639156341553, 6.039780139923096, 0.042791809886693954, 0.0, 7.585371494293213, 1.252029299736023, 5.335840225219727, 5.03186559677124, 8.657529830932617, 4.879518985748291, 8.461586952209473, 3.2350423336029053, 8.244279861450195, 8.23519515991211, 3.8526382446289062, 1.3781418800354004, 6.919729709625244, 7.015610694885254, 6.737023830413818, 4.565659999847412, 6.515649318695068, 2.076166868209839, 6.726985454559326, 5.040215969085693, 7.38913106918335, 2.877235174179077, 6.430198669433594, 5.4927802085876465, 9.694483757019043, 3.653064012527466, 10.323128700256348, 2.150420665740967, 1.6448173522949219, 6.086236000061035, 8.942272186279297, 2.4202451705932617, 6.948726177215576, 6.666635036468506, 1.1899738311767578, 8.086877822875977, 7.577640533447266, 5.343764305114746, 0.6278209090232849, 6.676526069641113, 9.420854568481445, 6.984935283660889, 9.34874439239502, 7.086789131164551, 8.113787651062012, 4.792572975158691, 5.207231521606445, 6.643232822418213, 6.486669063568115, 1.630839228630066, 7.598506927490234, 0.7382535338401794, 8.269423484802246, 6.250176906585693, 9.036657333374023, 10.835749626159668, 7.707277774810791, 7.035281658172607, 6.358140468597412, 6.943965911865234, 4.0644402503967285, 9.257513046264648, 10.03235912322998, 3.843320846557617, 0.12709879875183105, 6.436398983001709, 3.617249011993408, 7.651496887207031, 5.8055243492126465, 6.33075475692749, 3.287100315093994, 6.823355197906494, 3.176208734512329, 6.1086039543151855, 7.548542022705078, 6.503626346588135, 7.551583290100098, 5.471540451049805, 7.692536354064941, 0.833168625831604, 5.001058101654053, 2.514289617538452, 9.708269119262695, 5.71142578125, 1.7948635816574097, 1.1472465991973877, 6.922016143798828, 6.958588600158691, 7.102479457855225, 5.239109039306641, 5.1942644119262695, 6.512791633605957], [4.587131500244141, 1.4463226795196533, 8.106226921081543, 5.42824649810791, 3.9645843505859375, 9.5165433883667, 5.938924789428711, 7.585371494293213, 0.0, 4.542527198791504, 3.6551425457000732, 8.431724548339844, 10.087504386901855, 5.520876884460449, 4.869986057281494, 5.734132289886475, 1.6427192687988281, 1.3854198455810547, 3.912708282470703, 5.318783760070801, 2.2198760509490967, 2.614269733428955, 5.074295997619629, 3.70649790763855, 3.082409620285034, 6.554441928863525, 4.43721342086792, 5.506242275238037, 4.883902549743652, 7.860949993133545, 2.48905873298645, 6.707817077636719, 4.350734233856201, 7.445115089416504, 5.8719048500061035, 4.829667568206787, 6.615903377532959, 4.086718559265137, 1.7897080183029175, 4.8659162521362305, 3.1423146724700928, 8.475005149841309, 6.1584672927856445, 1.8649786710739136, 5.7983317375183105, 4.073431491851807, 5.904293060302734, 8.625048637390137, 6.41485071182251, 8.485030174255371, 4.214356422424316, 6.095070838928223, 5.575018882751465, 8.91142749786377, 6.611269474029541, 5.789584159851074, 7.332200527191162, 6.144593238830566, 0.5838657021522522, 5.383847713470459, 5.899137020111084, 8.708704948425293, 6.828273773193359, 3.4048752784729004, 8.91487979888916, 8.724379539489746, 8.389216423034668, 4.458734035491943, 3.8572843074798584, 2.7806174755096436, 3.109834671020508, 1.5489517450332642, 6.649792671203613, 6.678142547607422, 6.675487041473389, 9.651620864868164, 3.7762622833251953, 3.759525775909424, 6.420777797698975, 3.5595436096191406, 3.8102147579193115, 8.46755313873291, 10.3853759765625, 10.332056045532227, 2.7803399562835693, 9.461642265319824, 9.510420799255371, 7.259566783905029, 2.907754421234131, 3.5383312702178955, 11.521393775939941, 8.086432456970215, 5.055849552154541, 7.240254878997803, 3.266890287399292, 5.922970294952393, 2.795095920562744, 5.46043586730957, 6.767985820770264, 6.146008491516113], [5.398590087890625, 4.268725395202637, 6.509923458099365, 2.6500279903411865, 3.0923006534576416, 5.317567348480225, 0.9829608201980591, 1.252029299736023, 4.542527198791504, 0.0, 3.747429609298706, 4.861998558044434, 6.729541301727295, 3.702594518661499, 6.255049228668213, 2.9160306453704834, 5.544816493988037, 5.2418437004089355, 2.7126853466033936, 1.1120632886886597, 4.063699245452881, 4.651560306549072, 5.155200004577637, 2.740018606185913, 4.4072794914245605, 1.6826742887496948, 4.2886762619018555, 3.148022413253784, 5.211810111999512, 2.3364522457122803, 3.977938175201416, 3.501354932785034, 7.069389343261719, 2.6951711177825928, 7.973083019256592, 1.2604411840438843, 1.82318913936615, 3.812570333480835, 6.036961078643799, 1.712397813796997, 4.380281448364258, 5.4653706550598145, 1.1236464977264404, 5.187796115875244, 5.344922065734863, 3.9422032833099365, 1.2493816614151, 6.016005992889404, 9.235213279724121, 6.083680629730225, 6.922055244445801, 4.629680156707764, 5.058398723602295, 4.8089165687561035, 4.272893905639648, 4.3022027015686035, 7.30507230758667, 1.9035545587539673, 4.214061260223389, 0.7210783958435059, 5.473014831542969, 5.1664719581604, 6.485718727111816, 7.2617411613464355, 6.591233730316162, 6.134552955627441, 5.487617015838623, 3.5741875171661377, 2.429874897003174, 6.97151517868042, 6.433835029602051, 2.563615560531616, 1.2635498046875, 4.969850540161133, 2.7269721031188965, 6.867506504058838, 4.245952606201172, 3.597534656524658, 3.1172826290130615, 4.243529319763184, 2.1411094665527344, 5.204677104949951, 6.8388895988464355, 6.427187442779541, 4.944779872894287, 5.4516377449035645, 6.911851406097412, 2.255256414413452, 3.059227705001831, 1.743646264076233, 7.449343204498291, 4.786941051483154, 1.1537340879440308, 1.9951629638671875, 4.2461838722229, 5.076413154602051, 4.611557960510254, 3.569103956222534, 3.7125790119171143, 4.9316725730896], [4.966187953948975, 2.338216543197632, 5.358871936798096, 1.9821348190307617, 3.726926803588867, 2.8747591972351074, 4.385066509246826, 5.335840225219727, 3.6551425457000732, 3.747429609298706, 0.0, 2.6316633224487305, 8.165902137756348, 2.049304962158203, 3.2340481281280518, 3.462939977645874, 2.8977322578430176, 2.841346025466919, 2.177938222885132, 2.4252889156341553, 3.2098801136016846, 1.949462890625, 4.652060031890869, 2.8413257598876953, 2.0337274074554443, 4.606129169464111, 4.643824577331543, 4.216363430023193, 2.2452778816223145, 4.0724310874938965, 2.807117462158203, 5.952078342437744, 2.4325530529022217, 5.351388454437256, 8.237296104431152, 2.3700602054595947, 4.154799461364746, 3.057231903076172, 3.6169064044952393, 2.89084792137146, 2.797852039337158, 3.7834949493408203, 3.883794069290161, 3.9894051551818848, 4.3506927490234375, 2.056781530380249, 4.049723148345947, 2.254605770111084, 7.932961463928223, 2.459315061569214, 6.381155490875244, 5.514947891235352, 3.1044578552246094, 2.2995660305023193, 1.7964905500411987, 4.907397270202637, 4.657154560089111, 2.9576311111450195, 3.6247012615203857, 3.559492588043213, 5.585606575012207, 4.274009704589844, 6.241231918334961, 5.587942123413086, 5.446931838989258, 5.216332912445068, 4.5561203956604, 6.720467567443848, 2.670231580734253, 5.9009528160095215, 5.5126051902771, 1.3259879350662231, 5.395900249481201, 2.8280842304229736, 4.6281657218933105, 4.274886608123779, 1.2152315378189087, 3.7051239013671875, 4.080135345458984, 4.17043399810791, 3.031292676925659, 3.4948654174804688, 4.010052680969238, 3.9925332069396973, 4.217104434967041, 2.2462844848632812, 4.474104881286621, 5.434784889221191, 0.8725921511650085, 3.079028844833374, 8.424872398376465, 3.0227279663085938, 3.539775848388672, 5.990806579589844, 1.2024849653244019, 2.8781633377075195, 1.5962268114089966, 3.135026454925537, 4.338464260101318, 4.606758117675781], [6.850856781005859, 5.461071014404297, 3.9720826148986816, 1.4861630201339722, 4.923010349273682, 0.48159143328666687, 4.320372104644775, 5.03186559677124, 8.431724548339844, 4.861998558044434, 2.6316633224487305, 0.0, 7.8100810050964355, 1.247624158859253, 4.813695430755615, 5.423059940338135, 6.014023780822754, 6.760596752166748, 4.018719673156738, 3.3181445598602295, 6.270104885101318, 4.706186771392822, 6.465155124664307, 4.372973918914795, 4.21513032913208, 4.151607036590576, 6.167301654815674, 6.3465189933776855, 3.3611996173858643, 3.7004966735839844, 5.922275543212891, 8.111239433288574, 5.568390369415283, 7.267947673797607, 12.492103576660156, 4.666816711425781, 6.011471748352051, 4.352328300476074, 6.303256988525391, 4.291864395141602, 5.3589186668396, 0.2624247670173645, 5.273930072784424, 7.00204610824585, 7.1842803955078125, 3.688809633255005, 4.513686656951904, 1.0517563819885254, 11.338957786560059, 1.4506876468658447, 9.203084945678711, 6.285674571990967, 4.884669780731201, 0.2778300344944, 0.738815188407898, 7.00726318359375, 7.87417459487915, 2.1684205532073975, 7.087294101715088, 4.706713676452637, 8.103656768798828, 3.1360983848571777, 8.744823455810547, 9.516103744506836, 5.4968581199646, 3.7781589031219482, 4.185940742492676, 8.611678123474121, 4.222873210906982, 10.459322929382324, 8.446858406066895, 3.9273860454559326, 5.2205729484558105, 0.7627224326133728, 4.524868965148926, 0.2664508521556854, 3.135312795639038, 5.7871270179748535, 5.9205641746521, 5.781589031219482, 4.500388145446777, 1.2781184911727905, 0.05731036886572838, 0.5723645091056824, 7.088259220123291, 0.09232534468173981, 0.3227624297142029, 4.043717384338379, 2.438453435897827, 4.168644905090332, 8.316926002502441, 2.586937665939331, 5.13556432723999, 6.113773345947266, 2.9669437408447266, 3.185641050338745, 4.801292419433594, 4.414372444152832, 4.3961358070373535, 6.698279857635498], [10.008185386657715, 9.573105812072754, 9.519938468933105, 6.774404048919678, 7.322658061981201, 9.384570121765137, 7.527235507965088, 8.657529830932617, 10.087504386901855, 6.729541301727295, 8.165902137756348, 7.8100810050964355, 0.0, 7.580577373504639, 9.169631958007812, 11.629420280456543, 10.495481491088867, 10.659339904785156, 8.350506782531738, 8.459668159484863, 11.237704277038574, 8.985392570495605, 9.26221752166748, 10.50753116607666, 10.891929626464844, 8.251493453979492, 5.82863187789917, 5.0337347984313965, 8.841928482055664, 9.025737762451172, 9.4303617477417, 5.525289058685303, 12.211895942687988, 7.031865119934082, 13.104456901550293, 9.301507949829102, 9.532121658325195, 7.165378093719482, 11.509472846984863, 6.969395637512207, 8.909773826599121, 8.66272258758545, 8.874998092651367, 10.220632553100586, 10.65375804901123, 9.370716094970703, 9.030908584594727, 10.091323852539062, 17.981233596801758, 8.940889358520508, 11.374959945678711, 11.175970077514648, 9.56026840209961, 6.874246120452881, 7.231647491455078, 6.265408992767334, 14.869894981384277, 8.471786499023438, 8.622576713562012, 8.316790580749512, 8.17761516571045, 8.006335258483887, 11.944519996643066, 11.150885581970215, 9.598685264587402, 10.260913848876953, 9.813294410705566, 6.244101524353027, 10.427000999450684, 12.386659622192383, 10.621952056884766, 8.716804504394531, 8.498906135559082, 8.49773120880127, 7.847548961639404, 8.428027153015137, 9.596898078918457, 7.020228862762451, 11.051562309265137, 8.711782455444336, 10.63893985748291, 8.861884117126465, 8.453906059265137, 9.28164291381836, 10.287911415100098, 8.938319206237793, 9.428877830505371, 8.422924995422363, 7.092996120452881, 7.638660430908203, 0.5558590292930603, 8.087530136108398, 7.944878578186035, 10.06811237335205, 9.33859920501709, 8.379252433776855, 11.173035621643066, 8.60451889038086, 8.157299995422363, 7.986722469329834], [4.7779541015625, 3.2846267223358154, 1.8257585763931274, 0.11930344253778458, 2.5628502368927, 0.4952959716320038, 4.14979362487793, 4.879518985748291, 5.520876884460449, 3.702594518661499, 2.049304962158203, 1.247624158859253, 7.580577373504639, 0.0, 4.127282619476318, 3.9677810668945312, 3.9448494911193848, 4.139676094055176, 2.6000449657440186, 2.9347476959228516, 4.724074840545654, 2.622239351272583, 4.8269171714782715, 3.1339409351348877, 3.7598578929901123, 3.1420483589172363, 4.753444194793701, 4.827725887298584, 2.1657047271728516, 3.023665189743042, 3.508867025375366, 5.821016788482666, 4.489220142364502, 5.676910877227783, 9.297918319702148, 3.4489452838897705, 4.7403059005737305, 2.498950481414795, 4.588922023773193, 3.190916061401367, 3.3360085487365723, 0.5663272738456726, 4.113994121551514, 4.69563627243042, 4.90059232711792, 2.614454746246338, 4.121270179748535, 2.756180763244629, 7.8228678703308105, 1.08525812625885, 6.54327917098999, 5.118830680847168, 3.784409284591675, 1.6067346334457397, 1.1876007318496704, 4.964183330535889, 7.604246616363525, 2.9260683059692383, 4.542161464691162, 3.563617706298828, 6.190215587615967, 1.5845040082931519, 6.727115154266357, 6.204959869384766, 2.076847553253174, 1.9282029867172241, 1.5856627225875854, 6.203060626983643, 2.984036684036255, 7.158285617828369, 5.735798358917236, 2.068786382675171, 4.973416805267334, 0.401146799325943, 1.672943115234375, 1.4923688173294067, 2.0019044876098633, 3.9534261226654053, 4.91410493850708, 4.203995227813721, 3.6091935634613037, 0.6304706931114197, 1.58041512966156, 1.7541919946670532, 5.064525127410889, 0.8325485587120056, 1.2880594730377197, 5.312943935394287, 1.1146425008773804, 3.1011366844177246, 7.474298000335693, 0.9211878180503845, 3.7181313037872314, 5.6155242919921875, 2.108943223953247, 2.1519553661346436, 4.304358005523682, 3.4227166175842285, 1.838365912437439, 6.04989767074585], [5.795858860015869, 3.744281053543091, 7.444204807281494, 3.9266459941864014, 5.264090061187744, 5.265889644622803, 7.288655757904053, 8.461586952209473, 4.869986057281494, 6.255049228668213, 3.2340481281280518, 4.813695430755615, 9.169631958007812, 4.127282619476318, 0.0, 6.889664649963379, 4.848494052886963, 5.085038661956787, 4.334813594818115, 5.883651256561279, 4.6696295738220215, 4.088002681732178, 5.372898101806641, 3.367269277572632, 2.270854949951172, 7.7144927978515625, 5.473083972930908, 7.139888286590576, 4.21282958984375, 6.963407039642334, 3.639775037765503, 6.960294246673584, 4.347182750701904, 8.161971092224121, 8.904507637023926, 5.5179290771484375, 7.105262279510498, 5.06879186630249, 5.074862957000732, 5.544875621795654, 5.023679256439209, 5.894713401794434, 6.832771301269531, 5.941361904144287, 5.644989490509033, 2.509922742843628, 7.0879669189453125, 5.352682590484619, 11.253761291503906, 3.767061710357666, 8.117143630981445, 6.645369052886963, 5.014880657196045, 4.797596454620361, 1.6780461072921753, 4.236644744873047, 5.426649570465088, 5.393161296844482, 5.935142993927002, 6.1830644607543945, 4.595966339111328, 6.596625804901123, 4.046916961669922, 7.842849254608154, 7.538767337799072, 7.848256587982178, 7.132419109344482, 8.148423194885254, 3.4657814502716064, 6.791370391845703, 7.4489922523498535, 3.6232681274414062, 7.773931980133057, 4.68150520324707, 6.667277812957764, 3.417036771774292, 2.945852041244507, 2.3679397106170654, 7.964211940765381, 2.3839805126190186, 5.5731306076049805, 5.550541400909424, 3.714125156402588, 6.291943550109863, 6.771781921386719, 5.016411304473877, 5.716522693634033, 8.09873104095459, 2.47756290435791, 5.435083389282227, 10.38218879699707, 5.074973106384277, 5.257537841796875, 8.582192420959473, 2.0429067611694336, 4.44908332824707, 3.6022934913635254, 4.234750270843506, 6.469445705413818, 2.063647508621216], [6.326119422912598, 3.9534575939178467, 7.984387397766113, 3.636913776397705, 3.942625045776367, 6.0381622314453125, 2.8088386058807373, 3.2350423336029053, 5.734132289886475, 2.9160306453704834, 3.462939977645874, 5.423059940338135, 11.629420280456543, 3.9677810668945312, 6.889664649963379, 0.0, 5.313632488250732, 5.434044361114502, 3.216923952102661, 1.7117260694503784, 4.722916603088379, 5.085216522216797, 6.5489501953125, 3.2993831634521484, 5.4356842041015625, 4.790224552154541, 4.9835124015808105, 4.251293659210205, 5.534320831298828, 5.2131266593933105, 4.438167095184326, 5.296006202697754, 6.585230350494385, 3.1316964626312256, 11.082084655761719, 1.1830509901046753, 4.142597198486328, 5.0431437492370605, 6.62959623336792, 1.9721977710723877, 4.442747592926025, 6.821549415588379, 1.9489870071411133, 5.841526508331299, 4.880138874053955, 5.146239280700684, 3.1235578060150146, 6.743631839752197, 7.889832496643066, 6.632938385009766, 7.993319034576416, 5.727875232696533, 5.78271484375, 5.811248302459717, 4.95051908493042, 6.272810459136963, 6.6149001121521, 3.6247143745422363, 5.54645299911499, 2.1090505123138428, 6.827574253082275, 5.900691509246826, 8.910128593444824, 7.676492214202881, 8.061362266540527, 7.043811798095703, 6.298844814300537, 6.19408655166626, 3.2547008991241455, 8.045389175415039, 6.9867472648620605, 3.843092441558838, 3.7320244312286377, 6.098560333251953, 5.998450756072998, 7.74157190322876, 4.566399574279785, 4.687991619110107, 1.1919939517974854, 5.2982001304626465, 0.5808611512184143, 6.430848598480225, 7.513637065887451, 5.625250339508057, 6.018499374389648, 4.598113536834717, 7.733285427093506, 4.569116115570068, 3.6317672729492188, 2.5472347736358643, 12.312542915344238, 5.672475337982178, 1.9457359313964844, 5.2009501457214355, 5.069279670715332, 5.089200973510742, 6.146265506744385, 3.857588291168213, 6.012485504150391, 6.4042181968688965], [5.069032192230225, 1.6449390649795532, 7.244736671447754, 3.870131015777588, 3.3055877685546875, 5.102062702178955, 6.566195964813232, 8.244279861450195, 1.6427192687988281, 5.544816493988037, 2.8977322578430176, 6.014023780822754, 10.495481491088867, 3.9448494911193848, 4.848494052886963, 5.313632488250732, 0.0, 1.9407528638839722, 2.293318271636963, 3.758258104324341, 0.8542935252189636, 3.018810987472534, 5.069347858428955, 3.5395164489746094, 2.632899045944214, 6.991530895233154, 2.991746664047241, 4.8802666664123535, 4.044417381286621, 6.188560485839844, 1.7047232389450073, 5.7747883796691895, 3.6539692878723145, 6.384838104248047, 6.967231273651123, 3.8470211029052734, 5.844096660614014, 3.5721077919006348, 1.9043668508529663, 3.6823666095733643, 2.868537664413452, 6.08640193939209, 4.933310031890869, 2.7146949768066406, 5.005539417266846, 3.27781343460083, 6.0980353355407715, 5.547393798828125, 3.8825528621673584, 5.613509654998779, 5.386553764343262, 6.633247375488281, 4.738481044769287, 5.816497325897217, 3.8224258422851562, 6.57482385635376, 4.833166122436523, 4.705280303955078, 1.906791090965271, 4.592831611633301, 6.476352691650391, 6.1135945320129395, 7.498485565185547, 4.229606628417969, 7.343228340148926, 7.586410045623779, 6.744720458984375, 6.983428955078125, 3.6706337928771973, 3.996333360671997, 3.705721378326416, 1.4727236032485962, 7.375879764556885, 4.6816205978393555, 6.317258834838867, 6.848368167877197, 2.932466745376587, 4.505373954772949, 4.761075019836426, 4.4501237869262695, 4.046006202697754, 5.788506031036377, 6.875679016113281, 6.596709728240967, 2.3588850498199463, 5.230461120605469, 6.921006679534912, 7.44689416885376, 2.086329460144043, 3.339949131011963, 11.004817008972168, 5.337034225463867, 4.232717037200928, 7.6254191398620605, 3.038977861404419, 3.4896018505096436, 2.060080051422119, 4.060686111450195, 5.300047874450684, 5.6836323738098145], [3.251441717147827, 0.8239611983299255, 6.80465841293335, 4.037065505981445, 3.385636568069458, 7.219553470611572, 6.514416694641113, 8.23519515991211, 1.3854198455810547, 5.2418437004089355, 2.841346025466919, 6.760596752166748, 10.659339904785156, 4.139676094055176, 5.085038661956787, 5.434044361114502, 1.9407528638839722, 0.0, 3.589754581451416, 5.37664270401001, 1.850756287574768, 2.1193058490753174, 3.61738657951355, 3.3377654552459717, 2.8993611335754395, 6.504593849182129, 4.655221462249756, 5.754197120666504, 4.627678871154785, 6.8829545974731445, 1.3628438711166382, 6.481820106506348, 3.2632393836975098, 7.019928932189941, 5.157958030700684, 4.162660598754883, 5.828053951263428, 3.141798973083496, 2.8461482524871826, 4.888575553894043, 2.6029417514801025, 6.623002529144287, 5.597601890563965, 1.2251628637313843, 4.092257499694824, 4.0748772621154785, 6.562890529632568, 6.931493282318115, 5.31033992767334, 7.253550052642822, 3.6162869930267334, 6.198785305023193, 4.18330717086792, 7.140412330627441, 5.328741550445557, 5.233057498931885, 5.957115650177002, 6.16861629486084, 1.1392828226089478, 4.932709217071533, 5.6555938720703125, 7.2467169761657715, 5.742201805114746, 2.2021005153656006, 7.362702369689941, 7.298472881317139, 7.018860816955566, 5.894288539886475, 3.201106309890747, 2.9709699153900146, 1.9744389057159424, 1.4017237424850464, 7.363594055175781, 5.310729503631592, 6.376964569091797, 7.467418193817139, 2.483492851257324, 3.9163177013397217, 6.782492160797119, 4.355906009674072, 3.920839309692383, 6.609134197235107, 7.917364597320557, 8.421717643737793, 2.9115207195281982, 7.449230194091797, 7.591033458709717, 8.18303394317627, 1.9714173078536987, 4.015218257904053, 9.666727066040039, 6.052034854888916, 4.559658050537109, 7.55426549911499, 2.6482553482055664, 4.9540019035339355, 2.833252191543579, 4.410989761352539, 5.641604900360107, 4.782528877258301], [5.423670291900635, 2.8501405715942383, 6.11908483505249, 2.503209352493286, 3.240501880645752, 3.9082977771759033, 3.4213032722473145, 3.8526382446289062, 3.912708282470703, 2.7126853466033936, 2.177938222885132, 4.018719673156738, 8.350506782531738, 2.6000449657440186, 4.334813594818115, 3.216923952102661, 2.293318271636963, 3.589754581451416, 0.0, 1.8235790729522705, 3.290135145187378, 2.245508909225464, 5.590484142303467, 3.514821767807007, 4.195858001708984, 3.941560745239258, 4.340878009796143, 4.112525463104248, 3.9725892543792725, 3.9449868202209473, 2.230975389480591, 4.909353256225586, 5.070287227630615, 4.951498985290527, 9.219527244567871, 2.34027099609375, 4.162951946258545, 3.4573044776916504, 4.028958320617676, 2.748849630355835, 3.1601600646972656, 4.168017864227295, 2.9069507122039795, 4.428836822509766, 3.878605604171753, 3.072619915008545, 3.725417375564575, 3.8673248291015625, 7.113683223724365, 3.6783840656280518, 6.476633548736572, 5.987618923187256, 4.707810878753662, 3.7843692302703857, 2.9924440383911133, 6.083743572235107, 5.532872200012207, 2.6471571922302246, 3.519240617752075, 2.1523048877716064, 6.69964075088501, 4.829089641571045, 7.212216377258301, 5.6838059425354, 6.207667827606201, 5.770572185516357, 5.07296085357666, 5.340287685394287, 3.7600479125976562, 6.48336935043335, 5.532252311706543, 2.293769121170044, 4.503617763519287, 4.172982215881348, 3.690749406814575, 4.87739372253418, 3.2167248725891113, 4.451178073883057, 3.675475835800171, 4.217780113220215, 1.993699312210083, 3.9258716106414795, 5.114867687225342, 4.385922908782959, 3.848421573638916, 2.8737001419067383, 4.952041149139404, 4.717951774597168, 1.5716679096221924, 1.3666225671768188, 9.03223705291748, 3.5321462154388428, 2.9470911026000977, 4.802931785583496, 2.923367500305176, 2.889691114425659, 4.277284145355225, 3.3770558834075928, 4.22540807723999, 5.481177806854248], [5.347257614135742, 3.495077610015869, 7.095030307769775, 2.3883466720581055, 3.16947603225708, 4.428966045379639, 1.0416024923324585, 1.3781418800354004, 5.318783760070801, 1.1120632886886597, 2.4252889156341553, 3.3181445598602295, 8.459668159484863, 2.9347476959228516, 5.883651256561279, 1.7117260694503784, 3.758258104324341, 5.37664270401001, 1.8235790729522705, 0.0, 4.343358516693115, 3.620009660720825, 6.601822853088379, 2.843822717666626, 5.469874858856201, 2.573899984359741, 4.8322577476501465, 3.7578601837158203, 4.997842788696289, 2.1984848976135254, 3.7196195125579834, 4.7299909591674805, 6.347802639007568, 2.9951865673065186, 10.930559158325195, 1.0884616374969482, 2.2865302562713623, 3.870652437210083, 6.035467624664307, 1.4529141187667847, 3.6006429195404053, 5.3348236083984375, 0.4132746160030365, 5.746233940124512, 4.344357013702393, 4.039388179779053, 1.18375825881958, 4.726359844207764, 7.385950565338135, 5.049810886383057, 6.8451690673828125, 5.321197032928467, 5.22216796875, 3.3238093852996826, 3.5320515632629395, 5.095315933227539, 5.079644680023193, 1.4178932905197144, 4.756961822509766, 0.5969447493553162, 5.916880130767822, 5.32423734664917, 8.177995681762695, 6.671718597412109, 7.179693698883057, 6.118779182434082, 5.396060466766357, 5.065718173980713, 2.5468502044677734, 7.916822910308838, 6.610418796539307, 2.664294481277466, 1.5871562957763672, 4.998725414276123, 3.8796069622039795, 6.0479230880737305, 3.852968692779541, 4.159521579742432, 1.8155544996261597, 4.3598151206970215, 1.3868606090545654, 4.679912090301514, 5.97484016418457, 4.07200288772583, 4.91943883895874, 3.063490390777588, 6.073637962341309, 2.5340993404388428, 2.372460126876831, 2.144622564315796, 9.120372772216797, 4.173117637634277, 1.101117730140686, 2.869081497192383, 4.18243408203125, 4.2193074226379395, 5.911395072937012, 3.476280689239502, 4.898741722106934, 4.8111090660095215], [5.201678276062012, 1.410742998123169, 6.6248369216918945, 4.1079888343811035, 3.426328659057617, 7.150551795959473, 5.372091293334961, 6.919729709625244, 2.2198760509490967, 4.063699245452881, 3.2098801136016846, 6.270104885101318, 11.237704277038574, 4.724074840545654, 4.6696295738220215, 4.722916603088379, 0.8542935252189636, 1.850756287574768, 3.290135145187378, 4.343358516693115, 0.0, 3.6225147247314453, 4.636724948883057, 3.3360602855682373, 3.3276240825653076, 5.8790178298950195, 1.694281816482544, 4.745202541351318, 3.950911045074463, 6.695112705230713, 2.115102529525757, 5.756200313568115, 4.101537227630615, 5.879610538482666, 6.167946815490723, 3.603154420852661, 5.365400791168213, 3.851046085357666, 3.0040013790130615, 3.291037082672119, 2.2814338207244873, 6.566719055175781, 4.787852764129639, 2.9456982612609863, 5.240657329559326, 4.438509941101074, 5.493854999542236, 6.987246990203857, 2.9329183101654053, 7.730722904205322, 5.188417911529541, 5.622359752655029, 4.44003963470459, 7.427059173583984, 5.372221946716309, 5.560898780822754, 4.549569606781006, 6.116551399230957, 2.2438442707061768, 4.788622856140137, 5.895101070404053, 6.912059307098389, 7.011143684387207, 3.7964749336242676, 7.229493618011475, 6.590840816497803, 6.980985164642334, 4.942063808441162, 3.379467010498047, 3.9624545574188232, 3.5590851306915283, 1.5271782875061035, 6.423332214355469, 5.297731399536133, 5.8498053550720215, 7.6661200523376465, 3.4294393062591553, 3.6982429027557373, 5.428807258605957, 4.2144775390625, 3.4039807319641113, 6.954736232757568, 8.135035514831543, 8.302634239196777, 1.856411337852478, 7.434445381164551, 7.663994789123535, 7.513485908508301, 2.790571928024292, 2.8373563289642334, 11.946532249450684, 6.7184062004089355, 4.573775768280029, 6.904609203338623, 2.9300434589