[[0.0, 7.797367095947266, 4.790215969085693, 7.032296657562256, 7.420848369598389, 6.46295166015625, 0.5566884279251099, 0.3325659930706024, 1.1131494045257568, 1.2504472732543945, 5.679558753967285, 4.460104942321777, 11.227396965026855, 5.250455379486084, 10.779415130615234, 3.9791100025177, 4.07954740524292, 8.15771484375, 7.564767360687256, 6.4222540855407715, 4.28118371963501, 8.637384414672852, 7.606077671051025, 6.501043796539307, 7.798722743988037, 3.732351303100586, 5.124216556549072, 4.44235897064209, 6.655900001525879, 6.817088603973389, 8.24305248260498, 11.785557746887207, 5.585981845855713, 11.555768013000488, 11.128024101257324, 8.9641695022583, 7.401818752288818, 4.996121883392334, 4.969944000244141, 11.186026573181152, 6.200094699859619, 8.839068412780762, 5.2989068031311035, 10.037893295288086, 2.519937515258789, 7.29879903793335, 5.22504186630249, 6.51726770401001, 9.55945873260498, 7.556853771209717, 10.702483177185059, 0.6438122987747192, 7.280195713043213, 4.839498519897461, 7.758653163909912, 5.185369491577148, 6.9386773109436035, 10.633325576782227, 10.705592155456543, 0.1381653994321823, 10.299933433532715, 4.018067359924316, 9.365083694458008, 10.67070198059082, 4.927798748016357, 3.7323615550994873, 5.124404430389404, 19.0313720703125, 7.019719123840332, 8.423284530639648, 11.529210090637207, 5.511288166046143, 8.94472599029541, 6.194663047790527, 4.393796443939209, 3.782113790512085, 6.2174601554870605, 11.534737586975098, 5.871007442474365, 12.88798713684082, 2.1991517543792725, 4.71333122253418, 5.059791564941406, 5.185174942016602, 8.106189727783203, 4.862174987792969, 7.1007280349731445, 1.4002883434295654, 10.392013549804688, 1.1355409622192383, 8.664456367492676, 5.726405620574951, 8.431031227111816, 5.466833114624023, 0.07664789259433746, 10.7614164352417, 5.017613887786865, 5.874159812927246, 9.448785781860352, 9.017932891845703], [7.797367095947266, 0.0, 11.540096282958984, 1.4484533071517944, 8.013968467712402, 7.611098766326904, 8.962890625, 8.800854682922363, 8.766246795654297, 8.28528118133545, 7.80596923828125, 6.891958713531494, 11.02882194519043, 9.535711288452148, 9.565820693969727, 7.7384562492370605, 5.926646709442139, 5.8154497146606445, 10.843390464782715, 9.864887237548828, 5.713657379150391, 9.026542663574219, 6.840049743652344, 6.699017524719238, 6.5770182609558105, 8.299769401550293, 8.026844024658203, 8.429139137268066, 8.548726081848145, 9.160113334655762, 6.121951580047607, 10.462702751159668, 6.991195201873779, 11.730551719665527, 9.267541885375977, 8.92834758758545, 9.722081184387207, 6.5790534019470215, 7.2402777671813965, 0.46495160460472107, 7.370421886444092, 6.185223579406738, 10.305745124816895, 7.2301788330078125, 5.477839946746826, 5.7341084480285645, 8.22944164276123, 8.437652587890625, 5.423320770263672, 5.66699743270874, 10.618331909179688, 8.356242179870605, 4.307144641876221, 8.10971450805664, 8.916936874389648, 9.3070650100708, 5.804189205169678, 11.665885925292969, 9.331501007080078, 8.171284675598145, 9.318133354187012, 10.50085735321045, 9.152777671813965, 11.287676811218262, 11.986501693725586, 9.99453353881836, 10.016385078430176, 18.6895694732666, 6.915586948394775, 8.296492576599121, 10.260295867919922, 6.149396896362305, 9.053648948669434, 9.702081680297852, 6.424967288970947, 6.649141788482666, 8.466865539550781, 11.177513122558594, 4.801003932952881, 10.950682640075684, 7.61221170425415, 6.959513187408447, 5.692765712738037, 7.951389312744141, 8.904740333557129, 7.065173625946045, 5.289381504058838, 7.402523040771484, 11.346625328063965, 7.32553243637085, 10.482205390930176, 5.7855963706970215, 10.371888160705566, 7.565181255340576, 8.115691184997559, 9.57159423828125, 7.285468578338623, 6.130502223968506, 10.863680839538574, 8.93311595916748], [4.790215969085693, 11.540096282958984, 0.0, 9.711321830749512, 6.55640172958374, 6.696603298187256, 5.236455917358398, 5.161961078643799, 8.000380516052246, 4.9722442626953125, 6.006884574890137, 5.642094612121582, 9.445390701293945, 7.016717433929443, 10.973058700561523, 6.438167095184326, 6.26706075668335, 11.737064361572266, 8.866435050964355, 7.3273491859436035, 7.094760417938232, 11.162456512451172, 8.880438804626465, 6.800094127655029, 10.002870559692383, 4.631216526031494, 8.178252220153809, 6.873117923736572, 9.031999588012695, 8.395465850830078, 10.767388343811035, 10.692177772521973, 6.755199432373047, 9.794167518615723, 9.434714317321777, 10.025473594665527, 7.572727203369141, 3.5287342071533203, 6.426429748535156, 14.504098892211914, 5.038235187530518, 9.673739433288574, 1.2029250860214233, 9.66651725769043, 5.0821380615234375, 10.31982707977295, 6.122262477874756, 5.1993937492370605, 11.296477317810059, 10.472334861755371, 8.78757095336914, 4.400073051452637, 9.923166275024414, 4.16437292098999, 8.141741752624512, 6.774077892303467, 9.180391311645508, 7.907725811004639, 10.885063171386719, 3.8260905742645264, 9.937390327453613, 0.31753939390182495, 8.4219331741333, 10.250834465026855, 0.67914879322052, 0.32036513090133667, 0.6153324246406555, 15.623950004577637, 6.837497711181641, 7.283112525939941, 10.664594650268555, 5.84230375289917, 9.65518856048584, 6.172725200653076, 4.089358806610107, 3.8540618419647217, 7.10869836807251, 12.531451225280762, 7.32641077041626, 12.767267227172852, 4.991264820098877, 4.538320064544678, 5.582910060882568, 6.461686134338379, 7.1128249168396, 5.317370891571045, 8.327281951904297, 3.920366048812866, 8.986770629882812, 4.668056964874268, 8.40361499786377, 6.029948711395264, 7.388110637664795, 6.969399452209473, 4.882853984832764, 10.912692070007324, 7.714927673339844, 6.6928391456604, 8.500978469848633, 8.783419609069824], [7.032296657562256, 1.4484533071517944, 9.711321830749512, 0.0, 7.170005798339844, 6.209277629852295, 8.495695114135742, 8.38096809387207, 7.719035625457764, 7.259446620941162, 6.200930595397949, 4.915754795074463, 9.268123626708984, 7.8508172035217285, 6.6708269119262695, 5.3885626792907715, 4.339507102966309, 4.891152858734131, 9.771502494812012, 8.916260719299316, 4.297784328460693, 9.104743003845215, 4.52174711227417, 6.0569353103637695, 4.822729110717773, 6.747528076171875, 6.055269241333008, 6.150612831115723, 7.073539733886719, 7.109353065490723, 4.2832841873168945, 7.753795146942139, 6.497684478759766, 9.206847190856934, 8.665221214294434, 6.073686122894287, 8.425814628601074, 5.596749782562256, 5.601203918457031, 0.360119491815567, 5.296704292297363, 3.980762243270874, 7.754096984863281, 5.4946513175964355, 4.1739020347595215, 4.013003826141357, 6.010848522186279, 7.246023654937744, 4.015984535217285, 4.1361260414123535, 10.38303279876709, 7.255063056945801, 2.571852207183838, 6.1196136474609375, 8.321227073669434, 7.453334331512451, 3.718658924102783, 9.305037498474121, 8.213632583618164, 7.273919582366943, 6.814309597015381, 7.792174816131592, 6.371850490570068, 9.075358390808105, 9.297292709350586, 8.027531623840332, 8.1821928024292, 17.853086471557617, 6.089547634124756, 6.930905342102051, 9.862874031066895, 4.998385906219482, 7.165400981903076, 7.88341760635376, 4.993306636810303, 4.801991939544678, 6.117009162902832, 10.378972053527832, 3.9582021236419678, 8.572504997253418, 5.891523361206055, 5.043860912322998, 3.597493886947632, 5.416726112365723, 8.653247833251953, 5.061778545379639, 3.5513722896575928, 6.4849114418029785, 10.072554588317871, 6.364690780639648, 9.288199424743652, 4.418722152709961, 8.159501075744629, 6.064050674438477, 7.454925060272217, 8.237408638000488, 5.517977237701416, 4.5816569328308105, 9.797423362731934, 8.01689338684082], [7.420848369598389, 8.013968467712402, 6.55640172958374, 7.170005798339844, 0.0, 6.478407382965088, 7.825262546539307, 7.401605129241943, 11.086974143981934, 6.624691009521484, 4.200106143951416, 6.966498851776123, 5.355362892150879, 5.378608226776123, 7.8911051750183105, 6.832563877105713, 7.074403285980225, 8.321074485778809, 6.00782585144043, 5.120539665222168, 7.485001564025879, 6.246720790863037, 7.912914276123047, 5.65681791305542, 8.424398422241211, 6.447074890136719, 6.8448028564453125, 6.731455326080322, 7.050571441650391, 6.106160640716553, 8.880818367004395, 5.136213302612305, 6.5825324058532715, 6.00466251373291, 9.359477996826172, 7.981032848358154, 7.126919746398926, 4.024960041046143, 6.907967567443848, 9.07413387298584, 5.023784160614014, 7.7783122062683105, 5.769211292266846, 7.239920139312744, 5.31821870803833, 8.152360916137695, 5.665192127227783, 6.182015419006348, 8.392513275146484, 6.829165935516357, 9.147221565246582, 6.879395484924316, 7.7329864501953125, 1.7640050649642944, 5.9121832847595215, 6.726193904876709, 6.143614292144775, 6.623573303222656, 7.273500919342041, 6.997740268707275, 8.1028413772583, 5.958032131195068, 5.218033313751221, 7.783326148986816, 6.5053019523620605, 6.589038848876953, 6.025703430175781, 15.577130317687988, 5.675838470458984, 7.05864953994751, 10.265295028686523, 5.603280544281006, 7.813474178314209, 6.098611354827881, 3.315549850463867, 3.314391851425171, 7.324897766113281, 8.007746696472168, 3.7455697059631348, 9.477887153625488, 6.8387451171875, 5.712025165557861, 4.699577808380127, 7.263852119445801, 8.638143539428711, 7.008363246917725, 7.186532497406006, 5.7339677810668945, 7.138328552246094, 6.252495288848877, 6.283467769622803, 5.536062240600586, 5.709108352661133, 6.05953311920166, 7.16594934463501, 6.667757511138916, 8.077038764953613, 4.538544654846191, 7.287720680236816, 6.084938049316406], [6.46295166015625, 7.611098766326904, 6.696603298187256, 6.209277629852295, 6.478407382965088, 0.0, 6.19234037399292, 6.4864654541015625, 6.348882675170898, 6.47707462310791, 3.513272523880005, 2.15726900100708, 7.677415370941162, 3.0440609455108643, 5.58524227142334, 2.8097360134124756, 3.2170379161834717, 7.1609978675842285, 5.56425142288208, 6.2468061447143555, 3.346670150756836, 6.242336273193359, 3.758044481277466, 2.620152235031128, 5.637671947479248, 4.928490161895752, 4.9959001541137695, 3.8351056575775146, 3.40671968460083, 4.342258930206299, 5.852413654327393, 6.69802188873291, 3.021106719970703, 5.699481010437012, 7.601449012756348, 7.129348278045654, 6.054694175720215, 2.67916202545166, 2.871758222579956, 10.023957252502441, 3.005955934524536, 4.591868877410889, 4.830773830413818, 5.048051357269287, 3.7646355628967285, 5.633513450622559, 3.2417476177215576, 2.277677536010742, 5.424313068389893, 5.795800685882568, 7.781909465789795, 6.848151683807373, 4.391425132751465, 2.867469072341919, 2.6457669734954834, 6.867553234100342, 3.9592864513397217, 4.6301350593566895, 7.772066593170166, 6.3362274169921875, 7.764943599700928, 4.807552814483643, 5.270852565765381, 7.223374843597412, 6.966981410980225, 5.817784309387207, 5.359733581542969, 15.19957160949707, 2.752108097076416, 4.835090637207031, 8.262763023376465, 2.336815357208252, 6.638095855712891, 2.506897211074829, 1.6039618253707886, 1.9427025318145752, 3.2250707149505615, 9.132046699523926, 4.926020622253418, 9.750567436218262, 3.4395713806152344, 3.0398218631744385, 2.493894338607788, 3.2837281227111816, 5.729267597198486, 1.8476771116256714, 3.7568676471710205, 5.065821170806885, 4.444158554077148, 4.637092590332031, 5.647764682769775, 4.690551280975342, 5.663256645202637, 3.7646484375, 7.099251747131348, 6.783202648162842, 3.1715328693389893, 3.114093542098999, 7.024852752685547, 4.863240718841553], [0.5566884279251099, 8.962890625, 5.236455917358398, 8.495695114135742, 7.825262546539307, 6.19234037399292, 0.0, -0.011891990900039673, 1.143914818763733, 0.35371139645576477, 6.211490631103516, 4.481856822967529, 11.185667991638184, 7.326010227203369, 10.251032829284668, 3.599700927734375, 3.629316806793213, 8.319562911987305, 8.475841522216797, 8.488810539245605, 4.093694686889648, 8.456793785095215, 7.4930877685546875, 4.900283336639404, 7.826354503631592, 1.9812482595443726, 4.971185207366943, 3.810654878616333, 7.040066719055176, 5.968959331512451, 8.232089042663574, 10.334356307983398, 5.517912864685059, 10.555234909057617, 10.089359283447266, 11.641755104064941, 6.556616306304932, 4.862704277038574, 4.044047832489014, 11.38742446899414, 5.306207180023193, 8.546377182006836, 5.056443691253662, 9.58716869354248, 2.389735460281372, 7.339053630828857, 3.7984225749969482, 4.812623500823975, 9.537284851074219, 7.533717632293701, 9.86376667022705, 0.8198588490486145, 7.2812418937683105, 4.907336235046387, 6.421728610992432, 4.009929180145264, 6.549509525299072, 10.145720481872559, 10.177042961120605, 0.30076494812965393, 8.05467700958252, 4.1106061935424805, 8.129753112792969, 10.326144218444824, 4.686561584472656, 3.871474504470825, 4.69382905960083, 18.620019912719727, 5.527678966522217, 7.353314399719238, 11.239578247070312, 5.097168922424316, 11.31831169128418, 6.489815711975098, 3.715735673904419, 2.7246670722961426, 5.092389106750488, 11.889546394348145, 6.453873634338379, 14.697918891906738, 1.4795552492141724, 4.407026290893555, 4.1367716789245605, 3.7759900093078613, 7.870785713195801, 4.444727420806885, 6.911241054534912, 0.5143132209777832, 10.370409965515137, 0.6059854030609131, 9.110660552978516, 5.782574653625488, 5.742786884307861, 3.7860183715820312, 0.526655375957489, 10.280593872070312, 4.969645023345947, 5.972945690155029, 5.6430792808532715, 8.693947792053223], [0.3325659930706024, 8.800854682922363, 5.161961078643799, 8.38096809387207, 7.401605129241943, 6.4864654541015625, -0.011891990900039673, 0.0, 1.10370671749115, 0.34987011551856995, 5.587777614593506, 4.386857509613037, 10.531123161315918, 7.0018205642700195, 9.46943187713623, 3.469064474105835, 3.529127836227417, 8.357283592224121, 8.511959075927734, 8.160550117492676, 4.097992420196533, 8.920130729675293, 7.8172831535339355, 4.514129161834717, 8.024991035461426, 1.793432593345642, 4.731696128845215, 3.685767412185669, 6.8631486892700195, 5.713738918304443, 8.458695411682129, 9.203063011169434, 5.710997104644775, 9.533007621765137, 10.59122371673584, 10.749903678894043, 6.632894039154053, 4.514867782592773, 3.8855977058410645, 11.484975814819336, 4.745408535003662, 9.036438941955566, 4.68901252746582, 10.147686958312988, 2.362025022506714, 7.50831937789917, 3.7778000831604004, 5.275845050811768, 9.767340660095215, 7.439483165740967, 9.725809097290039, 0.8798131942749023, 7.488566875457764, 4.403728485107422, 5.599480628967285, 4.040678024291992, 6.778870582580566, 8.964776992797852, 9.421525955200195, 0.20138712227344513, 7.70989465713501, 3.8943793773651123, 7.224949836730957, 10.757394790649414, 4.541703701019287, 3.7375259399414062, 4.319839954376221, 19.278596878051758, 4.676687717437744, 7.734722137451172, 11.747809410095215, 5.502475261688232, 10.411932945251465, 6.038627624511719, 3.170504331588745, 2.6096572875976562, 5.3010663986206055, 10.379866600036621, 5.97711181640625, 14.119636535644531, 1.4786345958709717, 4.088773250579834, 3.7440125942230225, 3.5908572673797607, 8.202075004577637, 4.928049564361572, 7.311934947967529, 0.42756184935569763, 9.120246887207031, 0.6024484038352966, 9.05249309539795, 5.874476432800293, 5.233532905578613, 3.505988359451294, 0.2021469622850418, 9.018777847290039, 5.126908779144287, 5.4011640548706055, 5.646373748779297, 8.017698287963867], [1.1131494045257568, 8.766246795654297, 8.000380516052246, 7.719035625457764, 11.086974143981934, 6.348882675170898, 1.143914818763733, 1.10370671749115, 0.0, 1.6367965936660767, 8.043150901794434, 5.109557628631592, 13.17545223236084, 8.044894218444824, 11.338086128234863, 3.4423294067382812, 3.4972007274627686, 8.60959243774414, 9.021758079528809, 11.346277236938477, 4.30988073348999, 8.644025802612305, 7.877890110015869, 6.68472146987915, 8.053297996520996, 4.083288192749023, 3.17120623588562, 2.8826797008514404, 6.828672885894775, 7.05281400680542, 8.594852447509766, 12.730342864990234, 5.3107428550720215, 12.813055992126465, 11.832528114318848, 12.142302513122559, 7.650638580322266, 7.138258457183838, 4.506253242492676, 12.009377479553223, 6.985272407531738, 8.74736499786377, 6.954543590545654, 10.225787162780762, 2.9197232723236084, 7.575716495513916, 4.1528496742248535, 6.850958347320557, 9.719038009643555, 7.697756290435791, 12.129451751708984, 2.0210559368133545, 7.740941047668457, 7.588380336761475, 8.118523597717285, 5.7804484367370605, 6.862305641174316, 12.592620849609375, 11.018414497375488, 1.237577199935913, 9.799602508544922, 6.22025203704834, 10.495361328125, 11.93576717376709, 7.0226054191589355, 6.284278392791748, 7.320854187011719, 19.77639389038086, 6.648852825164795, 9.127652168273926, 12.752396583557129, 5.788785457611084, 12.254561424255371, 7.954438209533691, 5.053057670593262, 4.289220333099365, 5.293942928314209, 14.012674331665039, 7.379446506500244, 16.406211853027344, 2.1426613330841064, 6.022134304046631, 4.956821441650391, 4.577622890472412, 8.350810050964355, 5.052553653717041, 7.313359260559082, 1.6263326406478882, 12.977971076965332, 0.9947826266288757, 11.276321411132812, 7.484382629394531, 9.492318153381348, 4.399753570556641, 1.1578329801559448, 11.426997184753418, 4.8640456199646, 7.255186557769775, 9.654245376586914, 10.98550033569336], [1.2504472732543945, 8.28528118133545, 4.9722442626953125, 7.259446620941162, 6.624691009521484, 6.47707462310791, 0.35371139645576477, 0.34987011551856995, 1.6367965936660767, 0.0, 4.3722147941589355, 3.9582066535949707, 10.180221557617188, 5.609745502471924, 7.569814205169678, 3.6831257343292236, 3.7161061763763428, 9.134596824645996, 6.39160680770874, 5.216729164123535, 4.412314414978027, 9.122282981872559, 8.13010311126709, 4.146235466003418, 8.644661903381348, 0.7268610000610352, 4.8544745445251465, 4.35873556137085, 6.5717668533325195, 4.4255146980285645, 8.982747077941895, 9.200072288513184, 5.524878025054932, 9.048864364624023, 10.61386775970459, 7.811467170715332, 6.688475131988525, 4.062808990478516, 4.141177177429199, 12.090119361877441, 4.408028602600098, 9.195868492126465, 4.50560188293457, 9.951753616333008, 2.006459951400757, 8.162287712097168, 3.9893879890441895, 5.1067214012146, 10.320563316345215, 8.105834007263184, 9.993708610534668, 0.9587782025337219, 7.718010902404785, 3.5300228595733643, 5.249100208282471, 2.7314231395721436, 7.150889873504639, 8.765578269958496, 9.163641929626465, 0.8648600578308105, 5.646574020385742, 3.604818344116211, 5.961507320404053, 10.599222183227539, 4.5498552322387695, 3.548503875732422, 3.9326324462890625, 18.571346282958984, 4.517350673675537, 7.878713130950928, 11.742899894714355, 4.922534465789795, 7.293392181396484, 5.433996200561523, 2.942533016204834, 2.713325023651123, 5.514581680297852, 10.059370994567871, 4.656482219696045, 11.342451095581055, 1.7217978239059448, 3.8185372352600098, 3.368436574935913, 3.5873756408691406, 8.261344909667969, 4.589411735534668, 7.438192844390869, 0.27677789330482483, 9.094809532165527, 0.9428413510322571, 8.725481986999512, 5.631717205047607, 4.893126010894775, 4.129467487335205, 1.0321513414382935, 8.455163955688477, 5.131219387054443, 4.047064781188965, 5.21800422668457, 7.515706539154053], [5.679558753967285, 7.80596923828125, 6.006884574890137, 6.200930595397949, 4.200106143951416, 3.513272523880005, 6.211490631103516, 5.587777614593506, 8.043150901794434, 4.3722147941589355, 0.0, 3.1698544025421143, 6.676534175872803, 2.4044997692108154, 5.157397747039795, 4.771447658538818, 4.712316036224365, 8.268092155456543, 2.4398562908172607, 1.8584398031234741, 4.565953731536865, 4.415930271148682, 5.896536827087402, 3.81485915184021, 7.142907619476318, 3.7901577949523926, 4.938695907592773, 4.691035747528076, 4.02683162689209, 4.252789497375488, 7.167507171630859, 6.794510841369629, 4.967518329620361, 6.168133735656738, 7.745797634124756, 5.542964458465576, 6.576720714569092, 2.3430869579315186, 3.6898086071014404, 11.143718719482422, 2.723785161972046, 6.773564338684082, 5.011813163757324, 5.602257251739502, 3.780515432357788, 6.960505962371826, 4.628698825836182, 3.1804373264312744, 7.063354015350342, 6.974002838134766, 7.476673126220703, 5.565274715423584, 5.945479869842529, 2.13148832321167, 3.699037551879883, 5.130189418792725, 5.581712245941162, 6.0868754386901855, 6.698924541473389, 5.458498001098633, 6.893582344055176, 4.965557098388672, 4.451679229736328, 7.040879249572754, 6.139624118804932, 5.440035820007324, 5.198683261871338, 14.665573120117188, 3.8430168628692627, 5.084129810333252, 8.48029899597168, 2.022488832473755, 5.579410076141357, 3.5626957416534424, 1.8242943286895752, 1.9539307355880737, 4.518966197967529, 7.411524295806885, 2.3083555698394775, 8.438353538513184, 4.6684370040893555, 2.9617557525634766, 3.7381229400634766, 3.593658447265625, 4.955443859100342, 4.150649070739746, 5.445775985717773, 4.19376802444458, 5.756658554077148, 4.544912815093994, 6.642467021942139, 3.1652915477752686, 4.8779802322387695, 4.347534656524658, 5.012394428253174, 4.813727378845215, 4.7708964347839355, 1.0338054895401, 5.962709903717041, 3.216684103012085], [4.460104942321777, 6.891958713531494, 5.642094612121582, 4.915754795074463, 6.966498851776123, 2.15726900100708, 4.481856822967529, 4.386857509613037, 5.109557628631592, 3.9582066535949707, 3.1698544025421143, 0.0, 8.440071105957031, 4.636133670806885, 4.5673089027404785, 2.346571683883667, 2.170675039291382, 7.126159191131592, 4.776332855224609, 6.652853488922119, 2.218592882156372, 5.657525062561035, 4.2072272300720215, 2.502220869064331, 5.798877716064453, 2.9647912979125977, 3.821831464767456, 3.2490761280059814, 3.2082130908966064, 4.087246417999268, 5.818865776062012, 6.439563751220703, 2.5025863647460938, 6.256267070770264, 8.177586555480957, 7.498656749725342, 5.9202165603637695, 2.2958734035491943, 2.444657564163208, 10.116320610046387, 3.0185821056365967, 5.150259971618652, 4.271090507507324, 5.003366470336914, 1.4780346155166626, 5.7265167236328125, 2.912660598754883, 2.8817803859710693, 5.933193683624268, 5.919744968414307, 8.552505493164062, 3.295494556427002, 3.9782683849334717, 3.099639415740967, 2.993283987045288, 4.7949748039245605, 4.48755407333374, 5.76378870010376, 9.473645210266113, 3.9457244873046875, 7.478425025939941, 4.208730220794678, 4.436501979827881, 8.473051071166992, 4.721663475036621, 4.34241247177124, 4.553854465484619, 15.442675590515137, 2.578449249267578, 5.690012454986572, 8.820262908935547, 1.440572738647461, 7.218575954437256, 3.633728504180908, 1.767690658569336, 1.8692066669464111, 1.8194315433502197, 9.541091918945312, 3.925945281982422, 8.533681869506836, 2.241751194000244, 2.4732954502105713, 2.1097309589385986, 2.080479621887207, 5.272891521453857, 1.7663954496383667, 3.9892518520355225, 3.071577548980713, 5.862381458282471, 2.996725082397461, 6.312478542327881, 3.6690971851348877, 4.783992767333984, 3.164232015609741, 3.607556104660034, 5.854520320892334, 2.4884345531463623, 2.216855049133301, 6.379370212554932, 5.592830181121826], [11.227396965026855, 11.02882194519043, 9.445390701293945, 9.268123626708984, 5.355362892150879, 7.677415370941162, 11.185667991638184, 10.531123161315918, 13.17545223236084, 10.180221557617188, 6.676534175872803, 8.440071105957031, 0.0, 9.127486228942871, 10.645130157470703, 8.802706718444824, 8.705202102661133, 11.352126121520996, 7.9483642578125, 7.919130802154541, 8.896146774291992, 7.336902141571045, 8.856760025024414, 7.744797706604004, 10.00772762298584, 9.733992576599121, 8.498132705688477, 8.90113353729248, 9.300838470458984, 10.07239818572998, 10.325739860534668, 6.118916988372803, 6.6814284324646, 7.489706516265869, 7.143302917480469, 10.076639175415039, 10.100549697875977, 5.683361530303955, 7.950591564178467, 13.902589797973633, 6.353492259979248, 7.7143731117248535, 7.211863994598389, 5.971608638763428, 8.826814651489258, 10.225018501281738, 8.102387428283691, 7.019738674163818, 9.44657039642334, 10.980374336242676, 7.602543830871582, 10.841540336608887, 9.878058433532715, 3.5051941871643066, 7.5249247550964355, 9.830988883972168, 8.055624008178711, 10.214516639709473, 7.854588985443115, 10.191267967224121, 9.652504920959473, 7.669689178466797, 9.127391815185547, 5.842962741851807, 8.09497356414795, 8.270915985107422, 7.57001256942749, 11.25898265838623, 7.768144130706787, 5.859800338745117, 7.766305446624756, 5.825261116027832, 9.152632713317871, 9.614676475524902, 5.724748134613037, 5.458724498748779, 8.728361129760742, 8.689997673034668, 8.145461082458496, 8.432611465454102, 9.080488204956055, 7.201808452606201, 6.934952735900879, 9.662410736083984, 9.188226699829102, 8.009028434753418, 7.708911895751953, 9.002346992492676, 10.490260124206543, 9.519840240478516, 6.594718933105469, 8.608949661254883, 7.920180797576904, 8.391988754272461, 10.64576244354248, 7.281707763671875, 7.989449977874756, 7.491513729095459, 9.451064109802246, 5.7494916915893555], [5.250455379486084, 9.535711288452148, 7.016717433929443, 7.8508172035217285, 5.378608226776123, 3.0440609455108643, 7.326010227203369, 7.0018205642700195, 8.044894218444824, 5.609745502471924, 2.4044997692108154, 4.636133670806885, 9.127486228942871, 0.0, 6.178712368011475, 5.378521919250488, 5.1625895500183105, 9.431145668029785, 4.862098217010498, 4.255110740661621, 5.424262523651123, 6.887494087219238, 6.889945983886719, 4.8313374519348145, 8.664580345153809, 5.1648030281066895, 5.597916603088379, 5.6999077796936035, 3.8664777278900146, 4.84399938583374, 8.775254249572754, 9.747797966003418, 5.629500389099121, 8.811725616455078, 10.057791709899902, 6.641929626464844, 7.399608135223389, 2.928483247756958, 4.522677421569824, 12.67529582977295, 4.088656902313232, 8.026487350463867, 5.5141215324401855, 8.310040473937988, 4.421753883361816, 8.691534996032715, 5.643765449523926, 4.6881937980651855, 8.364665985107422, 8.262471199035645, 9.348578453063965, 6.617528438568115, 7.0197930335998535, 3.3179256916046143, 4.541043758392334, 6.994755744934082, 6.79983377456665, 5.913050651550293, 7.699869632720947, 6.444995880126953, 9.281516075134277, 5.7255682945251465, 5.605992794036865, 8.473295211791992, 7.250378608703613, 6.096424579620361, 5.908960819244385, 17.3693790435791, 4.848123550415039, 7.551375865936279, 10.882757186889648, 4.72133207321167, 6.86926794052124, 2.045017719268799, 2.109086036682129, 3.1206183433532715, 5.625007629394531, 8.132765769958496, 5.3481059074401855, 9.900545120239258, 5.269176483154297, 4.674411773681641, 5.25477409362793, 4.504205226898193, 6.671974182128906, 4.411942958831787, 7.074923992156982, 4.0438151359558105, 4.486084938049316, 5.2203474044799805, 7.53413724899292, 5.428690433502197, 6.244482517242432, 5.731155872344971, 5.021173477172852, 6.004761219024658, 5.607686996459961, 3.4751198291778564, 7.152231693267822, 4.162759780883789], [10.779415130615234, 9.565820693969727, 10.973058700561523, 6.6708269119262695, 7.8911051750183105, 5.58524227142334, 10.251032829284668, 9.46943187713623, 11.338086128234863, 7.569814205169678, 5.157397747039795, 4.5673089027404785, 10.645130157470703, 6.178712368011475, 0.0, 6.640255928039551, 5.507932186126709, 10.34974193572998, 7.210549831390381, 6.618568420410156, 5.308663368225098, 10.561712265014648, 6.522220611572266, 4.4947991371154785, 9.086474418640137, 6.592751979827881, 6.775270938873291, 7.630234718322754, 6.4908881187438965, 5.8805766105651855, 8.816673278808594, 8.055006980895996, 5.546491622924805, 8.871685981750488, 10.347037315368652, 8.514566421508789, 9.384506225585938, 5.972711086273193, 3.7161812782287598, 12.82401180267334, 5.195594787597656, 8.29000186920166, 7.539898872375488, 8.230865478515625, 4.924920558929443, 8.787399291992188, 6.604569435119629, 5.907931804656982, 8.732504844665527, 8.9987154006958, 10.016767501831055, 5.539331436157227, 6.756673336029053, 7.417214870452881, 3.5890870094299316, 5.448077201843262, 7.166945934295654, 6.1349616050720215, 8.92850399017334, 10.54991340637207, 5.5169501304626465, 8.752837181091309, 1.1949069499969482, 9.932329177856445, 10.080524444580078, 9.228669166564941, 8.786957740783691, 19.21992301940918, 4.501312255859375, 7.901330471038818, 10.976083755493164, 4.282525539398193, 8.701362609863281, 5.868760108947754, 4.096248149871826, 3.9649665355682373, 4.9405717849731445, 9.591971397399902, 6.771360874176025, 6.596944332122803, 7.195037364959717, 7.267102241516113, 3.9594008922576904, 6.778183937072754, 7.548218727111816, 5.0146307945251465, 6.6844706535339355, 7.029501438140869, 5.812449932098389, 7.650598049163818, 11.789666175842285, 7.867215633392334, 5.1988654136657715, 6.24306058883667, 6.804177284240723, 6.646512508392334, 6.325982093811035, 4.140885353088379, 7.230698585510254, 4.054055690765381], [3.9791100025177, 7.7384562492370605, 6.438167095184326, 5.3885626792907715, 6.832563877105713, 2.8097360134124756, 3.599700927734375, 3.469064474105835, 3.4423294067382812, 3.6831257343292236, 4.771447658538818, 2.346571683883667, 8.802706718444824, 5.378521919250488, 6.640255928039551, 0.0, 1.5861120223999023, 6.954883098602295, 6.319787502288818, 7.285785675048828, 1.9076836109161377, 6.3911848068237305, 4.879063606262207, 3.5532443523406982, 5.378549098968506, 3.1278159618377686, 2.33693528175354, 1.211061716079712, 4.773683071136475, 3.427248001098633, 5.440444469451904, 6.802914619445801, 1.4117577075958252, 6.778290748596191, 8.583359718322754, 8.142847061157227, 3.9046630859375, 3.612147092819214, 2.2484078407287598, 10.002427101135254, 3.7327678203582764, 5.087386608123779, 5.19556188583374, 5.95707368850708, 2.3999624252319336, 5.245277404785156, 1.5505142211914062, 3.4703996181488037, 5.865683078765869, 5.690995693206787, 9.46420955657959, 4.027313709259033, 4.412059307098389, 4.372283458709717, 4.52271032333374, 5.261386871337891, 4.10578727722168, 7.169783115386963, 8.362166404724121, 3.7110908031463623, 7.312463283538818, 4.7688822746276855, 6.0707902908325195, 7.878495693206787, 5.977597713470459, 5.138955593109131, 5.451146602630615, 17.406896591186523, 3.6597602367401123, 6.296868324279785, 9.65091609954834, 2.303021192550659, 8.1199369430542, 5.43779182434082, 1.4575273990631104, 1.5034445524215698, 2.249720335006714, 10.773238182067871, 4.6110076904296875, 11.25199031829834, 1.3607624769210815, 3.588608980178833, 1.9500820636749268, 1.9462441205978394, 5.116040229797363, 1.4415286779403687, 3.891087055206299, 2.838930130004883, 7.3126068115234375, 1.8039153814315796, 7.395576477050781, 5.222761631011963, 5.180528163909912, 1.789595603942871, 3.2333168983459473, 8.665016174316406, 1.7225325107574463, 3.9249770641326904, 6.440239906311035, 7.080849647521973], [4.07954740524292, 5.926646709442139, 6.26706075668335, 4.339507102966309, 7.074403285980225, 3.2170379161834717, 3.629316806793213, 3.529127836227417, 3.4972007274627686, 3.7161061763763428, 4.712316036224365, 2.170675039291382, 8.705202102661133, 5.1625895500183105, 5.507932186126709, 1.5861120223999023, 0.0, 4.3089070320129395, 6.9802727699279785, 7.32733154296875, 0.9180498123168945, 6.014092445373535, 3.305375814437866, 3.363452672958374, 2.7793803215026855, 3.558580160140991, 1.9166496992111206, 1.6831997632980347, 4.4585185050964355, 3.5096359252929688, 2.7598443031311035, 7.82741641998291, 1.4824632406234741, 7.680146217346191, 7.301457405090332, 8.834600448608398, 3.9595584869384766, 3.249328374862671, 1.911009430885315, 7.52234411239624, 3.4231808185577393, 3.396421194076538, 4.855075836181641, 4.50516414642334, 2.154557466506958, 2.770176410675049, 1.6065679788589478, 3.4939186573028564, 3.5859856605529785, 3.177016258239746, 8.086660385131836, 4.551743984222412, 2.3410964012145996, 4.198177337646484, 4.533646583557129, 4.992076396942139, 2.1924145221710205, 7.868218898773193, 7.922852993011475, 3.9834282398223877, 6.464282989501953, 4.133437633514404, 5.9357380867004395, 8.20221996307373, 5.704940319061279, 4.450366973876953, 4.997115612030029, 16.072607040405273, 3.0910003185272217, 5.171370029449463, 8.212209701538086, 2.036921977996826, 8.649435043334961, 5.428227424621582, 1.723994255065918, 1.6506630182266235, 2.8983333110809326, 9.705999374389648, 3.666292667388916, 11.83267593383789, 1.5200647115707397, 2.9121804237365723, 1.1580456495285034, 1.6220606565475464, 4.064100742340088, 1.2538788318634033, 2.134913444519043, 2.6837570667266846, 7.90288782119751, 2.1412699222564697, 8.328818321228027, 4.322704792022705, 6.350090026855469, 1.4571599960327148, 3.3146705627441406, 7.579683780670166, 0.7190000414848328, 3.5196235179901123, 7.225318908691406, 6.5131049156188965], [8.15771484375, 5.8154497146606445, 11.737064361572266, 4.891152858734131, 8.321074485778809, 7.1609978675842285, 8.319562911987305, 8.357283592224121, 8.60959243774414, 9.134596824645996, 8.268092155456543, 7.126159191131592, 11.352126121520996, 9.431145668029785, 10.34974193572998, 6.954883098602295, 4.3089070320129395, 0.0, 11.740967750549316, 11.897028923034668, 6.29788064956665, 10.043996810913086, 3.440610647201538, 7.007897853851318, 1.2371501922607422, 9.488463401794434, 6.936044216156006, 7.5313920974731445, 9.718123435974121, 8.812407493591309, 2.03849720954895, 11.239458084106445, 6.812774658203125, 11.58562183380127, 7.9482269287109375, 10.82973861694336, 10.243402481079102, 6.541752815246582, 7.025199890136719, 4.304927349090576, 6.900683879852295, 3.2061619758605957, 10.027477264404297, 4.167698383331299, 6.051120281219482, 1.519633173942566, 7.409072399139404, 7.0728020668029785, 1.6197223663330078, 1.1783173084259033, 9.376797676086426, 8.800968170166016, 2.6093366146087646, 7.7524094581604, 6.881457805633545, 11.02047061920166, 2.1787867546081543, 11.014519691467285, 10.18527889251709, 8.048127174377441, 10.956215858459473, 10.621933937072754, 9.795598030090332, 8.95101547241211, 12.287543296813965, 10.00107192993164, 10.085932731628418, 18.935819625854492, 6.853789806365967, 6.400396823883057, 8.701972961425781, 5.788272380828857, 10.73360824584961, 10.07703971862793, 5.76857852935791, 6.517516613006592, 8.652369499206543, 9.794787406921387, 4.1819658279418945, 15.579192161560059, 7.860792636871338, 6.018103122711182, 3.555928945541382, 6.742722988128662, 8.724822998046875, 6.341624736785889, 1.8328176736831665, 7.766866207122803, 11.5116548538208, 7.298794746398926, 10.452363967895508, 5.584468364715576, 11.309366226196289, 7.05035924911499, 8.52549934387207, 10.230989456176758, 6.534526824951172, 6.15967321395874, 11.683632850646973, 8.177706718444824], [7.564767360687256, 10.843390464782715, 8.866435050964355, 9.771502494812012, 6.00782585144043, 5.56425142288208, 8.475841522216797, 8.511959075927734, 9.021758079528809, 6.39160680770874, 2.4398562908172607, 4.776332855224609, 7.9483642578125, 4.862098217010498, 7.210549831390381, 6.319787502288818, 6.9802727699279785, 11.740967750549316, 0.0, 2.2957346439361572, 7.370114803314209, 4.146773815155029, 9.346570014953613, 5.0434393882751465, 11.26723575592041, 5.431005954742432, 6.430595397949219, 7.7223711013793945, 7.801381587982178, 5.442680358886719, 11.055366516113281, 7.627373695373535, 6.702519416809082, 6.813991546630859, 11.313953399658203, 8.487730979919434, 5.795353412628174, 4.605966091156006, 6.300012111663818, 15.957013130187988, 5.238874435424805, 10.727099418640137, 8.043322563171387, 8.8631591796875, 5.825455665588379, 10.989910125732422, 7.190639019012451, 5.097637176513672, 10.476938247680664, 11.045856475830078, 10.600058555603027, 8.51051139831543, 9.407084465026855, 4.145715236663818, 6.152395248413086, 7.034767150878906, 9.234552383422852, 10.152750015258789, 9.063689231872559, 7.582423686981201, 8.314909934997559, 8.152395248413086, 6.308650970458984, 9.405267715454102, 8.138324737548828, 8.516646385192871, 8.468283653259277, 17.073932647705078, 5.068551540374756, 8.119211196899414, 12.76025676727295, 4.149829387664795, 8.585350036621094, 6.702195644378662, 4.110933780670166, 3.9723565578460693, 6.018634796142578, 10.379523277282715, 5.575625896453857, 8.807997703552246, 7.074202060699463, 4.217029094696045, 5.776246547698975, 5.557519912719727, 5.719752311706543, 5.385629177093506, 9.243172645568848, 6.813962459564209, 9.167777061462402, 5.396674156188965, 10.080317497253418, 4.958977699279785, 6.527191162109375, 6.7611894607543945, 7.305152893066406, 6.889629364013672, 6.718515872955322, 3.603794574737549, 7.563438415527344, 5.026716232299805], [6.4222540855407715, 9.864887237548828, 7.3273491859436035, 8.916260719299316, 5.120539665222168, 6.2468061447143555, 8.488810539245605, 8.160550117492676, 11.346277236938477, 5.216729164123535, 1.8584398031234741, 6.652853488922119, 7.919130802154541, 4.255110740661621, 6.618568420410156, 7.285785675048828, 7.32733154296875, 11.897028923034668, 2.2957346439361572, 0.0, 8.196928977966309, 6.191949367523193, 9.561846733093262, 5.7399373054504395, 11.525797843933105, 5.445336818695068, 7.73107385635376, 8.660174369812012, 8.30401611328125, 5.1343607902526855, 11.282647132873535, 7.7675089836120605, 7.2046027183532715, 7.462378025054932, 10.929121971130371, 7.366621494293213, 6.091433525085449, 4.439678192138672, 6.35660457611084, 14.957667350769043, 5.712698936462402, 10.488799095153809, 7.4584784507751465, 9.472436904907227, 6.5059356689453125, 11.187504768371582, 7.554233074188232, 5.474389553070068, 10.514253616333008, 11.070021629333496, 9.736462593078613, 7.747757911682129, 9.44493293762207, 3.025758981704712, 7.346740245819092, 6.902378082275391, 8.973370552062988, 8.495552062988281, 8.928753852844238, 6.86775541305542, 8.370594024658203, 7.77193021774292, 5.696845531463623, 8.627473831176758, 7.323285102844238, 8.218327522277832, 8.16150951385498, 15.217500686645508, 5.780480861663818, 7.540365695953369, 11.274293899536133, 5.069069862365723, 6.811271667480469, 6.757593631744385, 4.032294750213623, 3.9402694702148438, 8.234370231628418, 9.181693077087402, 4.804582595825195, 8.06142807006836, 7.359574794769287, 4.189998626708984, 7.170762538909912, 6.514008522033691, 5.655369758605957, 6.8070807456970215, 9.366571426391602, 6.7565531730651855, 7.670993804931641, 6.447190284729004, 9.278407096862793, 5.028731822967529, 6.229032039642334, 7.364891052246094, 6.699048042297363, 7.291314601898193, 8.08925724029541, 3.4173429012298584, 7.631479740142822, 5.3008599281311035], [4.28118371963501, 5.713657379150391, 7.094760417938232, 4.297784328460693, 7.485001564025879, 3.346670150756836, 4.093694686889648, 4.097992420196533, 4.30988073348999, 4.412314414978027, 4.565953731536865, 2.218592882156372, 8.896146774291992, 5.424262523651123, 5.308663368225098, 1.9076836109161377, 0.9180498123168945, 6.29788064956665, 7.370114803314209, 8.196928977966309, 0.0, 5.75123929977417, 4.0936713218688965, 3.6878116130828857, 4.913243770599365, 4.519803524017334, 2.2112865447998047, 1.7812808752059937, 2.6764237880706787, 4.060798168182373, 4.912752628326416, 7.5757012367248535, 1.4653576612472534, 7.875433444976807, 7.265483379364014, 7.574865818023682, 4.903646945953369, 3.7823245525360107, 1.6020126342773438, 8.66824722290039, 3.6216251850128174, 4.734389781951904, 5.53386116027832, 5.663854598999023, 2.4389660358428955, 4.629833698272705, 2.028999090194702, 3.855921983718872, 5.545398235321045, 5.026132583618164, 7.934512615203857, 4.472442626953125, 3.2050182819366455, 5.116879940032959, 4.286916255950928, 5.750424385070801, 3.82785964012146, 8.009020805358887, 7.123013973236084, 4.3567118644714355, 6.595405578613281, 5.35150671005249, 5.861749172210693, 8.948832511901855, 6.869459629058838, 5.63485860824585, 5.8054704666137695, 16.636320114135742, 3.0549347400665283, 5.2042951583862305, 8.261224746704102, 1.7506344318389893, 7.628363132476807, 5.412912368774414, 2.1253461837768555, 1.9328287839889526, 2.4230196475982666, 9.982157707214355, 4.027503967285156, 10.639464378356934, 2.1840591430664062, 3.613208055496216, 2.17773175239563, 1.945063829421997, 4.059866428375244, 1.3395575284957886, 3.8656296730041504, 3.740102767944336, 7.825141906738281, 2.6396026611328125, 7.989692687988281, 3.752686023712158, 6.6393585205078125, 1.996673583984375, 4.352086544036865, 7.121800899505615, 0.8472118377685547, 3.4583756923675537, 7.7900896072387695, 6.